F = [
9.51668398 9.70282254 9.7337043 10.07004135 10.20940859 10.04178266 10.51616948 10.58036401 10.72177877 10.85088741 11.15597121 11.26445606 11.45826882 11.46908386 11.79728847 11.75717959 11.93237159 12.05512697 12.25395851 12.47944568 12.51306748 12.78490845 12.9236068 13.03877634 13.03715794 13.27899833 13.3589643 13.64683657 13.7801571 13.72634425 14.11748012 14.00627989 14.32271136 14.4945164 14.41184569 14.63992935 14.85263849 14.97828819 15.14134915 15.40412587 15.29604034 15.43330919 15.68178633 15.73601842 15.85034876 16.06178386 16.11637702 16.02015484 16.24458935 16.29830266 16.62591973 16.6208777 16.80590843 16.74608873 16.95285561 16.98054907 17.09026165 17.37260665 17.42684985 17.36435933 17.64493404 17.38056351 17.64901872 17.59927468 17.75867694 17.87303705 18.04981004 18.23234207 18.11128261 18.1097272 18.39902872 18.41750376 18.34454618 18.4703457 18.3178124 18.67811418 18.59664768 18.60291092 18.64702171 18.5941523 18.90028468 18.6974709 18.87654737 18.76962224 18.84500132 18.8184262 18.83814037 18.95569267 18.97252314 19.10659415 19.07608782 19.02836352 19.05115273 18.97977809 18.86333991 18.95071137 19.05377316 19.05095116 19.1382742 19.00762506 18.97039755 18.91556399 18.93609943 18.9241715 18.84477469 18.75085867 18.84980234 18.83747434 18.82699239 18.68905722 18.60859484 18.66712557 18.59988544 18.57739855 18.440829 18.48680545 18.41986473 18.42918127 18.30733428 18.0986851 18.08343966 18.0047922 17.890286 17.96097916 17.78507693 17.67013617 17.7624747 17.47968442 17.65491362 17.42963543 17.40936924 17.20922226 17.31765485 16.7881616 16.9818878 16.98176397 16.81380693 16.84669735 16.63076613 16.25021985 16.4586354 16.2537432 16.01758875 15.8735266 15.7655281 15.72105739 15.7794018 15.53152158 15.62713879 15.17918281 15.10131039 15.04060049 14.91173796 14.91660301 14.68092837 14.55238643 14.42115772 14.41073956 14.17146639 13.96868776 13.74400897 13.67873081 13.57487311 13.37038075 13.3898087 12.99370675 13.13576151 12.85482641 12.69654735 12.50023109 12.3056119 12.35334382 12.09224507 11.94917289 11.82868931 11.45211543 11.33195204 11.24977124 11.14175353 10.8922784 11.02095084 10.75247584 10.40193542 10.2656303 10.02416532 10.06733585 9.76467699 10.03871334 9.50303827 9.40844195 9.21391547 9.18999103 8.85348554 8.75372191 8.58979742 8.40755703 8.38729696 8.16103245 8.0800827 7.83998353 7.59075334 7.64152735 7.63031266 7.09978439 7.12241522 6.80697371 6.87466117 6.61434403 6.29324503 6.39926726 6.12161119 6.06306608 5.87518959 5.79571529 5.49184371 5.44677405 5.33517407 5.25048114 5.25970838 4.87561091 4.83150912 4.70062118 4.32015148 4.42764049 4.15735767 4.00371943 3.85694173 3.95940228 3.76726017 3.59166903 3.31355473 3.4163302 3.1348027 3.03691345 3.03863127 3.0112073 2.81897657 2.85826719 2.49110869 2.41320846 2.30827415 2.3348276 2.15843194 1.99785968 1.83682634 1.79104513 1.69552546 1.43906902 1.64407174 1.50916661 1.28507102 1.16632431 1.35511766 1.06995041 0.95290547 0.95391889 1.15515456 0.89306351 0.7673086 0.9247838 0.68549746 0.73095661 0.54827947 0.51772355 0.44575311 0.35040331 0.39153345 0.19879684 0.28509023 0.10582632 0.26366767 0.10545465 0.27785354 0.1085601 0.0851599 0.3066231 0.06648409 0 0 0 0 0 0 0 0.09668967 0 0 0 0 0 0.03955106 0.17254368 0.07852934 0 0.14794449 0.25522973 0.14890965 0.36566992 0.43974089 0.52820348 0.36110627 0.50290559 0.48982842 0.65620314 0.58287497 0.73779205 0.72543955 0.90886325 0.68322726 0.89025106 1.07455997 0.90910683 1.04097836 1.02171901 1.20803677 1.32225753 1.36181074 1.43754799 1.63392535 1.79966152 1.81676137 1.85332878 2.03572427 2.10053796 2.15749797 2.22841339 2.2845559 2.41681382 2.52220808 2.78819551 2.76055969 2.88227069 3.17292421 3.17098848 3.24515579 3.35852745 3.57927995 3.42215517 3.63890125 3.94691785 4.04662304 4.05398967 4.19122183 4.37306811 4.47848758 4.46033638 4.70287172 4.99367108 5.03007233 5.31352647 5.1980156 5.62521878 5.80519237 5.98578808 5.72917406 5.9691142 6.16325142 6.57625234 6.54840837 6.58740946 6.88096566 6.99350478 7.15912365 7.3374008 7.28692844 7.64666803 7.73404482 7.88616831 8.09956156 8.226958 8.46685933 8.52469486 8.73969089 8.7877325 9.15823484 9.10387693 9.45874335 9.56815211 9.75805912 9.76428406 9.96584487 10.04860741 10.29123648 10.53851064 10.49270181 10.78618747 10.84541445 11.02302004 11.20473807 11.39577904 11.6091721 11.65137276 11.60316613 12.06483705 12.16046781 12.53871717 12.39153696 12.55854072 12.84558098 12.84698568 13.07058575 13.1498482 13.39649717 13.47651681 13.7259199 13.83836682 13.94004717 14.05814307 14.23524041 14.31924439 14.40239413 14.63806018 14.78562325 15.02903129 14.93218506 15.07976718 15.29946319 15.32547918 15.42673929 15.77298092 15.82315892 15.8372758 15.98984504 16.12534831 16.09835228 16.37823766 16.43064704 16.60016992 16.67727397 16.87240981 16.79028375 16.96449203 16.9406348 17.04935089 17.31696431 17.16458794 17.36082161 17.45837234 17.56212584 17.69183815 17.61823811 17.87169091 17.73450126 18.00827392 18.15700688 18.1437357 18.20421321 18.22572031 18.26589115 18.41299491 18.49332979 18.38450223 18.60581603 18.66063096 18.4131795 18.56883951 18.63195257 18.81591727 18.66807894 18.7025223 18.81441681 18.90981807 18.62604504 18.96559453 19.02981865 19.18578293 18.81001313 18.97965972 18.92999404 19.25448955 19.11602991 19.15029489 19.09153078 19.10205728 18.97133878 18.84368565 19.07505368 18.89407854 19.03304867 19.20257855 18.88544344 18.88900031 18.79945944 18.94638878 18.77542186 18.55123847 18.70007249 18.691829 18.54357396 18.56055268 18.36390039 18.51542477 18.32882103 18.24679193 18.2178704 18.2251173 17.97333244 18.21591301 17.90838324 18.07042787;
];

